#test1
x<-c(1,2,3,4,5)
>x[2]
#prints 2
