#test5
x<-c(1,3,5,7,9)
y<-c(TRUE,FALSE)
>x+y
>x-y
>x*y
>y+x
#prints 
#2 3 6 7 10
#0 3 4 7 8
#1 0 5 0 9
#2 3 6 7 10
